1760097290283 0.972450315952301 0
1760097290394 0.9691322445869446 1
1760097290504 0.9658769965171814 2
1760097290614 0.9626868963241577 3
1760097290725 0.959561824798584 4
1760097290848 0.9564998745918274 5
1760097290972 0.9534780979156494 6
1760097291093 0.9505267143249512 7
1760097291206 0.947632908821106 8
1760097291318 0.9448165893554688 9
1760097291427 0.9420672655105591 10
1760097291537 0.9393790364265442 11
1760097291658 0.9367469549179077 12
1760097291770 0.9341721534729004 13
1760097291878 0.9316728711128235 14
1760097291989 0.9292307496070862 15
1760097292098 0.9268319606781006 16
1760097292206 0.9244716167449951 17
1760097292318 0.922148585319519 18
1760097292429 0.9198621511459351 19
1760097292537 0.9176009297370911 20
1760097292649 0.915355384349823 21
1760097292754 0.9131414294242859 22
1760097292862 0.9109646677970886 23
1760097292974 0.9088142514228821 24
1760097293102 0.9066614508628845 25
1760097293230 0.9045363664627075 26
1760097293364 0.9024426937103271 27
1760097293501 0.9003890752792358 28
1760097293634 0.8983856439590454 29
1760097293769 0.8964122533798218 30
1760097293900 0.8944653868675232 31
1760097294036 0.8925578594207764 32
1760097294161 0.8906848430633545 33
1760097294287 0.8888306617736816 34
1760097294425 0.8869916796684265 35
1760097294564 0.8851593136787415 36
1760097294703 0.8833149075508118 37
1760097294838 0.8814789056777954 38
1760097294979 0.879652202129364 39
1760097295121 0.8778359293937683 40
1760097295260 0.8760307431221008 41
1760097295389 0.8742351531982422 42
1760097295516 0.8724526166915894 43
1760097295637 0.8707514405250549 44
1760097295768 0.8690781593322754 45
1760097295903 0.8674159049987793 46
1760097296031 0.8657629489898682 47
1760097296152 0.8641158938407898 48
1760097296271 0.8624809980392456 49
1760097296408 0.860860288143158 50
1760097296529 0.859219491481781 51
1760097296640 0.8575735688209534 52
1760097296761 0.8559095859527588 53
1760097296876 0.8542323112487793 54
1760097296999 0.8525527119636536 55
1760097297123 0.8508725166320801 56
1760097297244 0.8491984605789185 57
1760097297382 0.847588300704956 58
1760097297526 0.8459902405738831 59
1760097297666 0.8444175720214844 60
1760097297828 0.8428514003753662 61
1760097297965 0.841306746006012 62
1760097298098 0.8397625088691711 63
1760097298242 0.8382291197776794 64
1760097298378 0.8366926312446594 65
1760097298509 0.8351537585258484 66
1760097298636 0.8336123824119568 67
1760097298763 0.8320693373680115 68
1760097298890 0.8305178880691528 69
1760097299024 0.8289668560028076 70
1760097299155 0.8274264335632324 71
1760097299281 0.8258740305900574 72
1760097299417 0.8243195414543152 73
1760097299555 0.822763979434967 74
1760097299684 0.8212007880210876 75
1760097299813 0.8196351528167725 76
1760097299951 0.8180626630783081 77
1760097300111 0.8165156841278076 78
1760097300238 0.8149610757827759 79
1760097300364 0.81339430809021 80
1760097300492 0.8118199110031128 81
1760097300619 0.8102599382400513 82
1760097300748 0.808704674243927 83
1760097300873 0.8071577548980713 84
1760097300998 0.8056144714355469 85
1760097301127 0.8040826320648193 86
1760097301261 0.8025477528572083 87
1760097301394 0.8010169267654419 88
1760097301526 0.799508273601532 89
1760097301671 0.7979930639266968 90
1760097301807 0.7965162396430969 91
1760097301951 0.7950418591499329 92
1760097302089 0.7935603260993958 93
1760097302217 0.7920703291893005 94
1760097302346 0.7905826568603516 95
1760097302472 0.7890855669975281 96
1760097302595 0.7875745296478271 97
1760097302720 0.7860608696937561 98
1760097302848 0.784544050693512 99
1760097290283 0.972450315952301 0
